4.743903297803663577e+01 1.041691080083042165e-03 7.792089462018338963e-01
5.369191926399091841e+01 9.678372302422914158e-04 9.012716321885818616e-01
5.049179531104548602e+01 9.339478868228475459e-04 3.795214048295747489e-01
5.423763261782059431e+01 5.616928904147149709e-04 2.815302073431666940e-01
3.906305716512309800e+01 4.406160030348108578e-04 8.354088421838241629e-01
4.654345461687365315e+01 4.111676130319610119e-04 1.196201409620698541e-01
4.891835349817421275e+01 2.287790918360856649e-04 2.125178473215783015e-01
4.352777036888110018e+01 2.127666702959809402e-04 7.802140738422167487e-01
4.728406559707106283e+01 1.643754405918995232e-04 2.481333227478899062e-03
5.745201737269537290e+01 1.627295386663051306e-04 3.075814829790033400e-01
3.476022934271865950e+01 1.427353012359235021e-04 1.832953816410736181e-01
3.812912053150621716e+01 1.334814866941335808e-04 7.763082396922982298e-01
4.526948964451866431e+01 1.229359471739771505e-04 8.195711958760512061e-01
5.149670648700012521e+01 1.177897543322797385e-04 6.530633780930656940e-01
4.726980479514170952e+01 1.013196187695622100e-04 6.738597627409035340e-01
5.385449240598547505e+01 8.793266350118618770e-05 6.164371886407025158e-01
5.083120239696393128e+01 8.722128375836170778e-05 3.496772194193908945e-01
4.955913886486620612e+01 8.358058148835666146e-05 4.621705604367889464e-01
4.382914864965462698e+01 8.323623685338380331e-05 6.291463947782176547e-01
6.513478673209883141e+01 8.283149202910605052e-05 4.819460141879972070e-01
4.468384604528682047e+01 8.188764255323006242e-05 4.895935254171490669e-01
4.203513976694279819e+01 7.976184858416277446e-05 3.244197236563195474e-01
4.971220480557452959e+01 7.707672791148222123e-05 6.512947498558787629e-01
4.165009811485043656e+01 7.054491688755894034e-05 1.111829898727592081e-01
4.590076780992441741e+01 6.383124563032062761e-05 2.665261269066832028e-01
4.813781227257462092e+01 6.235079710353187276e-05 6.582889912533573806e-01
5.026837608081905273e+01 5.599665692819014704e-05 6.132771524280542508e-01
7.567827295852927705e+01 5.043735766763177050e-05 2.348033291200408712e-01
5.422686164065880376e+01 5.022393656378350730e-05 5.395654662424931303e-01
4.543681638715633397e+01 4.970777706358526826e-05 3.113312952336855233e-02
5.446295328830427707e+01 4.723912364043660647e-05 5.329889312124578282e-01
5.368526422309055590e+01 4.667903354357887591e-05 4.172811424359679222e-01
4.217299418559314717e+01 4.242611737847440238e-05 4.643813372167642228e-01
5.834664501372973433e+01 4.040344522449888955e-05 9.690636586892651394e-01
5.825157300086740975e+01 4.016205882322176489e-05 7.837490656966110691e-01
4.239546269569096637e+01 3.914326474123125778e-05 9.269347006847965531e-01
5.355216340508330575e+01 3.800624169134619184e-05 3.683499951584963128e-01
5.292183595980619515e+01 3.740078728400949047e-05 1.882771746895741671e-01
7.104412192395612635e+01 3.623849290063901993e-05 9.661543639085721225e-01
4.741051137417790784e+01 3.552165260617743238e-05 3.826996492134639993e-01
6.144599263304110082e+01 3.315095701339540316e-05 5.849709959875326604e-01
5.704796131803054493e+01 3.304888009311051679e-05 4.992987313307821751e-01
3.747844945685963580e+01 3.306455167264732312e-05 9.133697839497472160e-01
4.131881269665406364e+01 3.309612195528058721e-05 5.958512847864767537e-01
6.937555625877907062e+01 3.300133329587342189e-05 8.328771036904072389e-01
5.064581197188243777e+01 3.166305696715547162e-05 6.335812828037887812e-01
5.230386787620115996e+01 3.131427308812540828e-05 2.352827619906747714e-01
2.281443092656910210e+01 3.116711380150254519e-05 9.170768318654154427e-02
5.349892307788042700e+01 3.022192685652406381e-05 2.427071548299863935e-02
7.631715688496400674e+01 3.011964817715073053e-05 3.008985917258542031e-01
4.655010965777400855e+01 3.006471911367000782e-05 9.156389755517011508e-01
6.461569354187061265e+01 2.932104928839535200e-05 3.053221575391944498e-01
3.296907262039268716e+01 2.782758796312762058e-05 2.688155200085020624e-01
4.535505445609474862e+01 2.773840165538920996e-05 6.628343460761243477e-01
7.163771241188099737e+01 2.763898181605440333e-05 9.223678429552819580e-01
4.795717544813624045e+01 2.725613704184982373e-05 7.219418457680149004e-01
6.955278316981049613e+01 2.711833774664178115e-05 4.146957234188448638e-01
4.768526949135002724e+01 2.683092612112911857e-05 2.118195547664072365e-01
3.775780348607177928e+01 2.664766588839420636e-05 8.474792951092240401e-01
5.610960055107953082e+01 2.551052570473970712e-05 4.200422210560645908e-01
4.728406559707107704e+01 2.546357389304129421e-05 7.968873170320875943e-01
5.694338210388200139e+01 2.468260260769550261e-05 2.625617360608885065e-01
5.281480126372336770e+01 2.475207521620802074e-05 7.922359585791127756e-01
5.283341898784425439e+01 2.451506301458097821e-05 2.407171886152355000e-01
4.319175402023033428e+01 2.437397244285763833e-05 6.352180608519120142e-01
5.940669795714451595e+01 2.389171704475734982e-05 7.985954384639626369e-01
5.506951273036582961e+01 2.319150632246143101e-05 3.207480924465926364e-01
5.369667286463403144e+01 2.309372063024519502e-05 2.291009065666003153e-01
4.653870101623054012e+01 2.189180698668925857e-05 1.691038297722116113e-01
5.147959352468490124e+01 2.164344554203929003e-05 3.225818145147059113e-01
5.838847669938915175e+01 2.137492440503767393e-05 3.675682385219261050e-01
6.664167813596648671e+01 2.134180968102124298e-05 1.026401833223644644e-02
5.066292493419766174e+01 2.137607344855472656e-05 9.556822839076630771e-01
4.462775355769804975e+01 2.103469704543603535e-05 1.490228814000147395e-01
7.106044223627665701e+01 2.033919066658971094e-05 7.954139685316476971e-01
6.270474608333812938e+01 2.021983619072569477e-05 1.822810562589438632e-01
1.437869122529612476e+01 2.021612998755612363e-05 2.268721811560681090e-02
4.784308903270144953e+01 1.935004177436300734e-05 4.608687055006157607e-01
6.016765582087111852e+01 1.928484724993384639e-05 6.524116551299812272e-01
7.217970757742151022e+01 1.863199770445689784e-05 9.951877834537299350e-01
6.643632258818389857e+01 1.817683600857783862e-05 9.947496309614507481e-01
7.132850168166308436e+01 1.821102269810441520e-05 8.715171942603774369e-01
4.876243539708003993e+01 1.790114653720851850e-05 4.944588780344929546e-01
9.792227180792451691e+01 1.786927735634575353e-05 7.344777143152896315e-01
5.486986150335495438e+01 1.743014990972071226e-05 5.316683427372481674e-02
7.604029376143208196e+01 1.730650829854978924e-05 7.230193281429819763e-03
4.744663873906561946e+01 1.689898852718452009e-05 1.509720005415147170e-01
3.489047800034001057e+01 1.668821494071880501e-05 4.102451785438461229e-01
4.047237884520833973e+01 1.669990587386266113e-05 3.419302705588052049e-01
6.918580520016196544e+01 1.633226707473113098e-05 6.315869536629179493e-01
3.970207257130164891e+01 1.600961202572957054e-05 6.769096526913926937e-01
5.584530035532229419e+01 1.552298841111424173e-05 9.009109881008043885e-01
6.070037319369551199e+01 1.549154718731624145e-05 1.883174326212611049e-02
7.899343404703810734e+01 1.544459816520852714e-05 1.427481031423667446e-01
6.833395996491564972e+01 1.526855415154956179e-05 7.492390727857127786e-01
6.086890551496688317e+01 1.503605139631790777e-05 4.400093201256822795e-01
5.109074899207804066e+01 1.499717771143087666e-05 8.788573794154217467e-01
7.492149973614527880e+01 1.494964865285414365e-05 3.374274419620633125e-01
6.122827772358642306e+01 1.478348719714914560e-05 7.009057428949745372e-01
3.715319190646304293e+01 1.476741947280830466e-05 4.631085231594624929e-01
5.185512797549102970e+01 1.446030913995003011e-05 7.330560730188153684e-01
5.476043640190309247e+01 1.433326153181773403e-05 6.731412059889407828e-01
4.892500853907455394e+01 1.422377100761672517e-05 4.581777698040241376e-01
6.118834747818427644e+01 1.412056619841668383e-05 1.809013642923673615e-01
1.618725013132339186e+01 1.409596845025051499e-05 6.857263885904103518e-01
6.142127390969691447e+01 1.401614999468635188e-05 1.216735699999844655e-01
6.838054525121818017e+01 1.389595295447452209e-05 6.189951304404530674e-01
6.259161038803198096e+01 1.386806831615480807e-05 7.623242317931726575e-01
5.576543986451794410e+01 1.374010564173053583e-05 7.386761527595808730e-01
5.820403699443626522e+01 1.354102624838423358e-05 1.921886647760402411e-01
5.049654891168857773e+01 1.344302497346512923e-05 5.655484950693789870e-01
1.803421011985203748e+01 1.343897676300266485e-05 4.224714493720966857e-01
4.743427937739352984e+01 1.328102837643094919e-05 7.875234740786254406e-01
4.867687058550394141e+01 1.322824562799835650e-05 4.220042610832024366e-01
3.738992121849022254e+01 1.316662290796674797e-05 1.790105084728565998e-01
5.288190571440403431e+01 1.275159018664318239e-05 4.685244806605624035e-01
2.252541200746766492e+01 1.269748172310648037e-05 3.925262460907106288e-01
4.584467532233564668e+01 1.269624284938265263e-05 8.962894557189429179e-01
7.428927085061089031e+01 1.266588937430091685e-05 3.661230703146429732e-01
5.004495685059260524e+01 1.259583737616137568e-05 4.566805940557969734e-01
6.018438702235823712e+01 1.254797010094065416e-05 4.153696669382043183e-01
7.618880966759991225e+01 1.243385626102158084e-05 7.847774277033749968e-01
7.625060647596038166e+01 1.246674355490286239e-05 1.722660766390617937e-01
4.819865836080651178e+01 1.238851423930383976e-05 1.017962053883820772e-01
5.294275180263590386e+01 1.228129515697743987e-05 2.330528786114882678e-01
3.519538739056686438e+01 1.226819330487874668e-05 6.592055609362432733e-01
3.355186405923866033e+01 1.222730838990751497e-05 4.493434269534191117e-01
6.146976063625670861e+01 1.221634742524472965e-05 8.566036018455633894e-01
9.754198375647526120e+01 1.217394666296657015e-05 8.572122064651921391e-02
4.727550911591345084e+01 1.212078629008682520e-05 4.321313434920739383e-01
6.565913610246641952e+01 1.214521028283456464e-05 3.409974898677319288e-01
1.424654112741751000e+01 1.208654430217846244e-05 3.836715962097514421e-01
5.793403247790725885e+01 1.203507150238205118e-05 3.183189799892716110e-02
6.942633739270361559e+01 1.189247756956358217e-05 2.513247272872831672e-01
4.737533472941889556e+01 1.186214374119257428e-05 6.394118045282084495e-01
6.455104457312427257e+01 1.177306680930642621e-05 3.510704297223128378e-01
3.856310985721112417e+01 1.177700618322837548e-05 5.206205316790146753e-01
1.001364989874877693e+02 1.174393086304240517e-05 6.790863187634386122e-01
5.367860918219020050e+01 1.174352349358050966e-05 6.955050110555021092e-01
4.286416771910215573e+01 1.166959898201622487e-05 3.081719459732994437e-01
2.713545391116119987e+01 1.165746667043883442e-05 4.765063579980051145e-01
5.837293268884787523e+01 1.150732343787041627e-05 5.100234759447630495e-02
5.581578752599425286e+01 1.150582809890507512e-05 5.987290753255365416e-01
6.115317083342520021e+01 1.141564726830096051e-05 9.024197154212743044e-02
5.622376312664465559e+01 1.130433268301807864e-05 1.631229567283298820e-01
5.798917424536743681e+01 1.124837441495879248e-05 8.733811128768138587e-01
5.750240553951238098e+01 1.126958654141507055e-05 3.900847023178357631e-01
4.424841622637745786e+01 1.121008868105091892e-05 6.760675476907636039e-01
5.424618909897818497e+01 1.119538346278971331e-05 3.971067808452062309e-01
1.046856948029494134e+02 1.118793425456834388e-05 4.198675141960848123e-01
6.959651629572715592e+01 1.118703515059693760e-05 7.437890347500797361e-02
5.330592689176994270e+01 1.114779769233507513e-05 2.683349170692963526e-01
7.059477243078143260e+01 1.101711921007882992e-05 6.033520161872729659e-01
3.903953193681380895e+01 1.086071707684099842e-05 9.080796841226401739e-01
4.229468636205688625e+01 1.062625269364252154e-05 6.408278567178058438e-01
4.374453455820717096e+01 1.066574709288339390e-05 1.590256131457863376e-01
4.442334873004408280e+01 1.063079010025632997e-05 7.434076719073345885e-01
7.769284891108180879e+00 1.055477968139086550e-05 1.851163115952658700e-01
5.463503363158503845e+01 1.053616004999071032e-05 4.733206955716013908e-01
3.201740177164094803e+01 1.052760550394111455e-05 2.499365477488026954e-01
4.551382471757483472e+01 1.042212755827886520e-05 1.887562519550556317e-01
5.485655142155424357e+01 1.030605067241595595e-05 9.450182980363024399e-01
5.969191399573143286e+01 1.032238953569826209e-05 8.473693730484228581e-01
4.934617755605461298e+01 1.023788755003900481e-05 7.042887905117822811e-01
4.655581397854574277e+01 1.019095387235576727e-05 1.191475642845034599e-01
5.148815000584252743e+01 1.018330460902476520e-05 1.130435704544652253e-02
4.215778266353517978e+01 1.011860773621836689e-05 4.720075933655607514e-01
4.653014453507292103e+01 1.009997532078903079e-05 1.784711334039457142e-02
6.821511994883772445e+01 1.008292375348064941e-05 4.167711154004791752e-01
4.891274724900283388e+01 1.002352446167314507e-05 9.457590151578187943e-01
5.591755508509766059e+01 9.978320969106748147e-06 6.323327533755218610e-01
5.760032971276058333e+01 9.839594807326954823e-06 4.826892949640750885e-01
6.630417249030527671e+01 9.815850504754837998e-06 6.348397754481993616e-02
3.505970618323497234e+01 9.730026811165651661e-06 3.449484457087237388e-02
4.944410172930281533e+01 9.655694038282299475e-06 6.548239209369057789e-01
5.374706103145106795e+01 9.618057764047997091e-06 8.858793160325149074e-01
1.073838385279818368e+02 9.528106825276674811e-06 2.714241996582131833e-01
6.474118859884886490e+01 9.355137165940080832e-06 5.987476496957242489e-01
7.040272696479959791e+01 9.357617332658100311e-06 7.580015210260171443e-02
1.082832197696593113e+02 9.139898071509362239e-06 4.826774721732363105e-02
7.540181384902658124e+01 9.115715101747773669e-06 1.764023517607711256e-01
7.525139962077749090e+01 9.334841444388388283e-06 4.809541833092225716e-01
1.113065097786808479e+02 9.103509070694579123e-06 3.086246374587062746e-01
6.849177950626709332e+01 9.076040551670871523e-06 6.789034511166391894e-01
6.870569153520727923e+01 9.175566895153027254e-06 1.805449839303037152e-01
6.868097281186305736e+01 9.391860988507747299e-06 8.407904434425290674e-01
7.885557962838775836e+01 9.060781111679147115e-06 7.770096610765904188e-01
3.732146936922937641e+01 8.987102674169099181e-06 5.313694756114273332e-01
5.532620716509406833e+01 8.957398531407396441e-06 8.594935932633234188e-01
1.494056682131239810e+01 8.919281629457121287e-06 1.727156030938203912e-01
3.619866889732544024e+01 8.820803621902725158e-06 9.708347771520493552e-01
7.475512371363622321e+01 8.785547006034860108e-06 3.995320422836812213e-01
9.487141091517290192e+01 8.771509567903422767e-06 5.886104552191682160e-01
3.956209777280639628e+01 8.755056852089157851e-06 5.033201960250153206e-01
2.723813168505249749e+01 8.720420301555360782e-06 1.046617890315246768e-01
5.980314825078036733e+01 8.667708047328699718e-06 2.468612836237298325e-01
5.048514027014513061e+01 8.648315494968062460e-06 8.075991098303347826e-01
5.835425077475872513e+01 8.534113447416003637e-06 7.659542370383860543e-01
5.860809304910109319e+01 8.522855296126566842e-06 2.622988255607197061e-01
4.729072063797141112e+01 8.411148617228312113e-06 9.057636783400084823e-01
5.917567296588910608e+01 8.385661519333672417e-06 3.606014413526281714e-02
9.827879185615819324e+01 8.353584537403553677e-06 4.391720485291443765e-01
4.831939981714164389e+01 8.337107940587994793e-06 4.909743016323773190e-01
7.601863076457638613e+01 8.313686138821850684e-06 9.301185770455049351e-01
8.707740730072055158e+01 8.181139769072106284e-06 9.461071898695081472e-01
4.134206479317653304e+01 8.158700298489809867e-06 8.218223684234544635e-01
7.053230996675060283e+01 8.144242428235960564e-06 4.266862577642314136e-01
6.450350856669311383e+01 8.110735931238495801e-06 3.679521447484148666e-01
4.413908341158575865e+01 8.083930317788800681e-06 9.816683359022135846e-01
5.939148643508653436e+01 8.059629155554191501e-06 5.706563280400587246e-01
3.501047120009626923e+01 8.058377143795343177e-06 1.326275282699498348e-01
4.950494781753468487e+01 8.024771380556713001e-06 4.581122263480210677e-01
6.625948864426001705e+01 7.900235598640259434e-06 3.249553289788309485e-02
3.246424023209380749e+01 7.805517255770712392e-06 9.553805168034159578e-01
9.364403122912044353e+01 7.797975898233311149e-06 7.633943165128584951e-01
7.466670674167427535e+01 7.775734822501303157e-06 1.818346977815963328e-01
5.937437347277133881e+01 7.759081991815573682e-06 7.229449203732656315e-01
5.214224545433521030e+01 7.746684417233897556e-06 7.277582906681345776e-01
1.012811660223500354e+02 7.687176951019683135e-06 3.594750108022708446e-01
9.711035681808036202e+01 7.540226581605029705e-06 1.726459030760452151e-02
3.917822578043032422e+01 7.534519083290137909e-06 3.086182261467911303e-01
7.148749863155855166e+01 7.532140251136333193e-06 7.022107684460934252e-01
4.366467406740282797e+01 7.518300847761173325e-06 8.437312133028171957e-01
5.569413585487121310e+01 7.493201248398053787e-06 3.000109634303953499e-01
6.543426357261510873e+01 7.452179173051283751e-06 8.572035422985209152e-01
5.169730843413962162e+01 7.453303389284580811e-06 7.867132383253192529e-01
5.069429869844221770e+01 7.392103990825117868e-06 3.368987878639018163e-01
6.290915091099211054e+01 7.377340508539405463e-06 5.546705346641829237e-01
1.134684473511697789e+01 7.359877605500142898e-06 4.785071184851403814e-01
5.573977042104513657e+01 7.355288571137891728e-06 6.417077869264176115e-01
4.726124831398412596e+01 7.344873649582027036e-06 6.912766608438687399e-01
