4.743894645557764278e+01 1.029447104666553160e-03 7.747052958441135173e-01
5.369166261458068590e+01 9.475701721691565452e-04 5.071612370167478678e-01
5.049167537695041830e+01 9.255509494732397499e-04 2.268255415141924858e-01
5.423715863828235939e+01 5.529645707694522908e-04 6.306192782771662397e-01
3.906314952827089115e+01 4.418300197995523411e-04 2.302781580045084320e-01
4.654259148705376248e+01 4.147218974480482243e-04 3.061959328922425616e-01
4.891921266073994445e+01 2.298174928529188484e-04 4.297506162694940124e-01
4.352827777861772773e+01 2.135253667986447340e-04 3.826090312536475913e-01
4.728528560383068680e+01 1.822737945411791280e-04 9.012457115733142621e-02
5.745251196108732472e+01 1.635526738523958887e-04 8.803888353176043680e-01
3.476052116932217473e+01 1.425203601201965864e-04 1.364118928864024582e-01
3.812965985390815860e+01 1.312123156048473948e-04 1.600328521905543255e-01
4.526976743174984108e+01 1.197815431449186595e-04 1.508118196333404701e-02
5.149687344879505702e+01 1.178523272191195668e-04 5.349661486668759736e-01
4.726863901155810765e+01 9.258297703621811391e-05 3.860882852560504341e-01
5.083100975789160003e+01 8.614692606513035345e-05 2.605887957185265003e-01
4.971312706143253024e+01 8.519142651727809796e-05 4.134530447529589647e-01
5.385453171025675090e+01 8.478729275038533460e-05 9.994238119518726871e-01
4.468329518091564267e+01 8.382369390051594513e-05 5.580152372600043487e-01
6.513555454843491077e+01 8.291842881158386497e-05 8.137944862883942365e-01
4.382919694662216870e+01 8.197112741862268227e-05 6.286501409359884773e-01
4.955946620968558136e+01 7.890216531629457334e-05 1.399818998662601954e-01
4.203648700957439388e+01 7.678414377401327254e-05 4.967824124371615357e-01
5.422691458149922994e+01 7.254860752187766411e-05 4.273769103893307886e-01
4.164977386601123754e+01 7.058331793278164882e-05 6.721001780815710758e-01
4.813810333102627226e+01 6.438255815753576926e-05 4.797961677155347937e-01
4.589977692391234143e+01 6.355941369110965414e-05 2.794590896586920392e-01
5.026886714191733319e+01 5.435266196078765487e-05 1.699440411494332892e-01
7.567796948537367996e+01 5.187301416078133546e-05 6.438913047130111200e-02
5.834688411973299083e+01 4.965487574710450924e-05 1.404364728388228512e-02
4.543751386157359917e+01 4.730813337236756125e-05 8.224099230039311204e-01
5.446252788751122154e+01 4.700143117855150793e-05 8.880539929376827235e-01
5.368269906489545207e+01 4.229377832068764080e-05 4.976101512724584452e-01
5.355208734091053913e+01 4.016116596521417082e-05 3.856079545903824310e-04
4.217350126904878493e+01 4.006677864752124880e-05 8.998811094643667241e-01
5.825154839017147879e+01 3.882562337039793229e-05 1.261840057592917841e-01
4.239630950408184873e+01 3.860877022598088222e-05 2.741447506512357801e-01
